-2.32,2.20,8.96,113
-2.33,2.21,8.76,154
-2.23,2.29,8.84,185
-2.05,2.03,8.83,216
-2.65,1.87,8.87,247
-2.82,1.47,8.38,278
-3.26,1.67,8.33,309
-2.51,1.85,8.41,340
-2.13,2.09,8.83,371
-2.12,2.06,9.32,402
-2.13,2.02,9.70,434
-2.37,2.01,10.08,464
-2.40,1.66,9.53,495
-2.51,1.46,8.90,527
-2.63,1.84,9.04,558
-2.18,2.19,9.26,588
-1.52,2.12,9.40,620
-1.90,2.18,9.48,651
-2.45,2.12,9.30,681
-2.50,2.07,9.10,713
-2.41,2.26,9.13,744
-2.45,2.30,8.91,775
-2.75,2.40,8.80,806
-2.76,2.17,8.60,837
-2.90,1.80,8.81,868
-2.99,1.72,8.89,903
-2.63,1.66,8.85,933
-2.38,1.72,9.10,965
-2.05,1.83,9.04,996
-1.69,2.11,8.84,1028
-1.51,2.35,9.01,1058
-1.60,2.09,9.30,1090
-2.07,1.82,9.91,1121
-2.17,2.19,10.70,1152
-1.23,2.16,10.16,1183
-1.16,2.34,8.95,1215
-1.51,2.48,9.23,1246
-1.78,2.37,9.48,1277
-1.99,2.05,9.75,1308
-2.17,1.78,9.49,1340
-2.24,1.86,9.20,1371
-1.76,2.18,9.00,1402
-1.62,1.56,9.97,1439
-2.73,1.50,9.96,1471
-2.41,1.73,9.22,1502
-1.66,2.28,8.95,1533
-1.99,2.39,9.22,1564
-2.66,2.43,8.90,1596
-3.13,2.27,8.72,1631
-3.81,1.23,9.11,1661
-4.93,0.54,10.32,1692
-4.40,1.23,11.00,1724
-3.24,1.41,9.57,1756
-1.87,1.45,9.47,1786
-1.51,1.43,8.58,1817
-1.69,2.62,8.56,1849
-0.40,2.55,8.39,1880
-0.40,2.52,8.50,1911
-0.06,3.25,9.15,1942
0.59,3.05,8.77,1974
0.51,3.15,8.07,2004
-0.56,2.66,8.24,2036
-1.33,2.21,8.85,2067
-1.08,2.16,9.28,2099
-0.42,2.46,9.99,2129
0.83,3.33,10.46,2160
0.78,3.48,9.65,2192
-1.15,3.27,9.38,2223
-1.40,3.64,9.21,2254
-0.73,3.54,9.72,2285
-0.52,3.87,7.98,2317
-1.48,3.07,6.71,2348
-2.60,2.68,7.32,2382
-2.60,3.57,8.44,2414
-2.79,3.41,9.26,2445
-2.86,3.08,9.12,2477
-2.70,2.81,9.11,2507
-2.53,3.23,9.23,2539
-3.48,2.06,8.66,2570
-4.26,2.35,9.38,2601
-4.58,3.47,8.50,2632
-3.91,1.70,7.33,2664
-5.02,3.14,8.40,2695
-5.31,3.60,8.97,2726
-6.08,3.02,8.07,2757
-6.66,3.44,9.12,2789
-5.37,2.57,9.88,2820
-4.22,2.17,10.20,2851
-3.41,1.06,9.63,2882
-4.50,0.53,8.20,2914
-4.81,0.91,6.18,2945
-4.07,1.07,5.84,2976
-4.17,1.47,7.11,3007
-4.36,1.26,6.99,3039
-6.12,2.60,6.57,3069
-6.02,4.42,7.70,3104
-5.25,3.94,7.86,3135
-6.41,3.74,8.42,3167
-7.04,3.33,8.04,3197
-6.53,3.73,6.50,3229
-5.81,4.07,5.38,3260
-5.81,4.80,4.85,3292
-5.12,5.20,5.65,3322
-4.84,4.49,6.12,3354
-5.02,3.78,7.03,3385
-4.09,3.43,7.51,3417
-2.46,4.02,6.65,3447
-1.63,4.45,5.83,3479
-3.56,4.92,5.27,3510
-5.12,5.27,4.90,3542
-5.77,5.44,5.59,3572
-4.87,4.80,6.66,3604
-4.13,4.14,7.22,3635
-3.99,4.41,7.51,3666
-4.08,4.44,7.65,3697
-4.48,4.31,7.84,3729
-4.85,4.06,7.79,3760
-4.93,4.25,7.57,3791
-4.26,4.39,7.35,3826
-3.94,4.37,7.75,3857
-4.28,4.05,8.23,3889
-4.59,4.11,8.05,3919
-4.20,4.07,6.87,3951
-4.49,4.03,6.42,3982
-4.23,4.71,6.93,4014
-2.95,4.62,6.65,4044
-3.09,4.94,6.83,4076
-3.00,5.35,7.40,4107
-2.74,5.29,7.80,4139
-2.75,5.06,7.82,4169
-3.12,4.74,8.51,4200
-4.22,3.86,7.34,4232
-3.07,3.39,7.94,4262
-2.89,3.63,8.15,4294
-3.07,3.17,8.19,4325
-3.52,3.28,8.53,4357
-2.90,3.06,7.59,4387
-3.33,3.32,7.92,4419
-3.14,3.38,7.47,4450
-3.42,3.46,7.37,4482
-3.43,2.98,7.21,4512
-3.36,2.53,7.17,4547
-3.12,2.07,7.08,4579
-3.32,1.94,7.32,4610
-3.61,1.76,8.13,4641
-3.65,1.28,9.03,4672
-3.65,1.12,10.02,4704
-3.40,1.15,10.12,4734
-3.55,0.91,10.02,4766
-4.33,0.76,10.01,4798
-4.66,0.62,9.70,4829
-4.66,0.34,9.84,4860
-5.43,-0.04,10.01,4891
-5.72,-0.22,10.22,4923
-5.62,-0.59,10.50,4954
-5.04,-1.26,10.83,4985
-4.15,-2.07,10.85,5017
-4.17,-2.19,9.84,5048
-3.91,-1.39,8.40,5080
-3.86,-0.91,8.81,5110
-3.86,-1.06,9.73,5142
-3.21,-0.96,9.98,5173
-2.64,-0.87,9.63,5204
-3.18,-1.40,9.64,5235
-4.38,-2.09,9.10,5270
-4.69,-2.42,10.05,5302
-3.45,-2.81,10.18,5332
-3.21,-2.92,8.39,5370
-3.65,-2.57,8.17,5401
-3.14,-1.88,8.27,5432
-1.86,-1.57,8.11,5464
-1.77,-1.33,10.43,5494
-0.55,-1.72,10.48,5526
0.23,-1.79,8.99,5557
-0.95,-1.74,7.74,5587
-2.38,-1.61,9.43,5619
-1.25,-2.26,10.45,5650
-0.64,-1.54,10.54,5682
-1.45,-1.30,9.43,5712
-2.15,-1.37,8.91,5744
-1.73,-1.51,8.94,5775
-1.56,-1.88,9.39,5807
-1.94,-1.63,9.11,5837
-2.70,-1.58,8.37,5869
-3.46,-1.34,8.10,5900
-3.37,-1.07,8.42,5932
-3.23,-0.66,8.85,5966
-3.32,-0.53,8.64,5997
-3.49,-0.44,7.40,6028
-2.90,0.13,6.19,6060
-2.41,0.19,5.79,6090
-3.55,-0.40,5.60,6122
-4.97,-0.83,6.31,6153
-5.52,-0.95,8.80,6183
-5.10,-2.02,11.07,6215
-4.47,-2.86,11.94,6246
-4.89,-2.12,12.59,6278
-4.70,-1.32,13.23,6308
-3.70,-1.10,10.84,6340
-3.53,-0.87,8.81,6371
-3.52,-0.58,7.37,6403
-2.95,-0.46,6.73,6433
-1.97,0.20,6.71,6465
-1.89,0.17,7.05,6496
-2.78,-0.03,7.33,6528
-3.25,0.21,7.74,6558
-2.38,0.49,8.04,6589
-2.27,0.48,8.20,6621
-3.29,0.37,8.66,6656
-3.14,0.36,8.99,6686
-2.14,0.84,7.55,6718
-2.40,0.98,7.79,6749
-2.54,0.65,8.46,6780
-2.69,0.25,8.89,6811
-3.30,0.15,9.25,6843
-3.07,0.24,8.99,6874
-2.85,0.56,10.01,6904
-2.98,0.42,11.36,6936
-3.44,-0.09,11.55,6968
-2.91,-0.12,10.28,6999
-3.36,-1.36,12.46,7030
-3.17,-1.63,11.29,7061
-0.28,0.90,9.23,7093
1.68,-0.24,8.79,7123
-0.37,-0.17,9.53,7155
-0.40,0.68,8.35,7186
-1.20,0.77,7.62,7218
-0.72,1.70,5.75,7248
-0.61,2.76,5.56,7280
-0.83,1.43,7.61,7311
-2.86,0.86,11.51,7343
-4.36,0.22,12.35,7377
-6.06,-0.02,12.49,7408
-6.52,0.48,12.22,7440
-5.10,0.56,12.00,7472
-5.07,-0.66,12.60,7502
-5.94,-2.26,12.03,7534
-4.93,-1.41,9.70,7565
-4.58,-1.28,8.13,7597
-4.73,-1.21,7.46,7627
-4.55,-0.57,7.67,7659
-3.55,-0.19,7.09,7691
-3.80,-0.54,7.36,7721
-3.81,-0.17,7.72,7753
-3.84,-0.95,8.67,7784
-2.70,-1.66,9.35,7816
-2.63,-1.28,9.46,7846
-1.52,-1.16,9.08,7878
-1.15,-1.67,9.17,7909
-1.35,-1.54,8.75,7941
-0.91,-1.49,8.01,7971
-1.47,-0.43,7.77,8003
-3.54,-1.12,7.76,8034
-5.54,-1.75,11.08,8069
-4.74,-2.76,12.55,8100
-3.95,-3.10,11.82,8132
-4.85,-1.94,10.65,8163
-2.95,-1.24,9.06,8195
-0.44,0.10,7.86,8225
-1.75,0.05,6.56,8257
-3.53,0.14,6.03,8288
-3.69,-0.06,6.64,8320
-3.62,0.13,7.26,8350
-4.82,-0.11,6.96,8382
-5.28,-0.37,7.82,8413
-3.85,-0.46,9.09,8444
-2.54,-0.22,9.49,8475
-4.19,0.06,8.37,8507
-5.49,0.02,7.62,8538
-4.60,1.67,7.61,8569
-2.19,2.14,9.07,8600
-1.93,1.71,10.06,8632
-2.14,2.97,9.01,8663
-1.41,3.21,8.46,8694
-1.99,1.24,9.14,8725
-3.93,0.42,8.50,8757
-4.61,-1.39,8.59,8785
-5.31,-1.67,9.20,8817
-4.26,-2.45,9.85,8848
-5.00,-3.46,10.12,8880
-4.44,-4.18,11.29,8911
-2.93,-4.23,12.14,8942
-1.89,-3.45,11.40,8974
0.14,-2.17,9.51,9005
0.44,-1.86,8.14,9036
-1.75,-1.28,8.47,9067
-3.02,-0.50,11.29,9099
-2.55,-0.64,10.28,9131
-2.07,-1.17,8.19,9161
-4.27,0.95,9.52,9193
-4.21,0.82,10.20,9224
-3.31,0.77,9.09,9255
-4.09,0.44,7.30,9286
-3.09,0.81,5.68,9323
-3.67,0.56,4.52,9355
-7.20,0.84,5.91,9385
-8.82,-1.15,7.68,9417
-9.26,-1.77,11.60,9448
-6.41,-3.52,12.57,9483
-5.30,-3.17,11.29,9515
-5.73,-2.77,10.15,9545
-4.77,-1.42,8.91,9577
-2.58,-0.73,7.77,9608
-1.78,0.12,6.71,9639
-2.94,0.65,4.56,9670
-4.00,0.63,5.35,9702
-3.97,0.17,6.25,9733
-3.53,-0.41,6.09,9764
-3.26,-0.26,6.45,9795
-4.52,-0.23,8.44,9827
-4.92,-1.92,9.48,9858
-3.41,-1.94,10.13,9889
-3.40,-2.06,10.25,9921
-6.09,-1.97,11.39,9952
-4.91,-2.16,11.85,9984
-2.80,-1.16,11.31,10014
-3.25,-0.61,11.26,10046
-4.37,-1.45,10.21,10078
-4.39,-1.26,9.73,10108
-3.43,-0.91,8.56,10140
-4.13,-0.16,7.87,10175
-3.77,-0.05,6.53,10207
-3.31,-0.08,5.94,10237
-3.53,0.33,6.11,10269
-3.05,0.26,6.28,10300
-3.82,0.67,6.34,10332
-4.90,0.84,6.69,10363
-6.59,1.07,7.83,10394
-5.71,-0.40,9.52,10426
-3.23,-0.78,11.95,10457
-4.09,-2.20,12.51,10488
-8.06,-3.19,13.71,10520
-5.70,-2.92,13.24,10551
-0.09,-1.33,10.62,10583
0.37,0.49,7.83,10614
-2.05,1.59,8.15,10645
-3.67,1.73,8.49,10677
-3.49,1.61,6.78,10707
-2.90,1.85,5.61,10739
-2.65,2.72,5.33,10770
-2.07,2.57,7.56,10802
-3.12,1.29,7.53,10836
-2.68,0.82,6.27,10868
-3.96,-0.69,8.54,10899
-8.34,-1.29,12.38,10931
-8.66,-2.10,11.14,10961
-5.56,-1.11,10.19,10993
-3.30,-0.20,10.53,11024
-5.56,0.12,10.81,11056
-5.47,0.05,10.08,11087
-2.04,0.61,9.36,11118
1.35,1.07,8.74,11150
0.69,1.47,8.64,11181
-2.07,1.13,7.05,11212
-3.10,1.27,5.41,11243
-2.28,1.24,4.80,11274
-1.84,1.50,5.59,11305
-3.92,1.77,7.56,11336
-7.71,2.00,9.75,11368
-7.90,1.73,10.59,11399
-8.64,1.60,12.16,11430
-7.87,1.95,13.20,11462
-6.12,1.08,12.43,11493
-5.42,0.14,11.25,11528
-4.75,-0.44,9.76,11558
-2.51,-0.24,7.65,11590
-2.75,-0.01,6.61,11621
-3.72,0.09,6.60,11652
-3.44,0.29,6.95,11682
-2.08,0.77,6.25,11713
-3.00,0.70,4.45,11744
-3.99,0.82,6.05,11774
-2.96,0.68,8.95,11805
-2.09,-0.73,9.69,11837
-1.28,-1.48,10.48,11868
-1.30,-2.01,11.06,11898
-2.83,-1.90,11.00,11929
-3.16,-2.04,9.60,11960
-3.70,-1.70,9.30,11992
-4.23,-0.70,9.43,12022
-5.21,-1.01,10.18,12053
-6.34,-1.37,11.67,12084
-5.41,-1.18,10.41,12114
-3.47,-0.24,8.26,12146
-4.12,0.26,7.65,12180
-3.25,0.41,7.11,12211
-2.24,-0.01,6.47,12242
-3.40,0.59,6.59,12273
-3.44,0.91,7.46,12304
-2.90,1.07,8.39,12335
-4.35,0.75,9.73,12365
-6.14,0.29,10.08,12397
-5.95,-0.40,11.48,12428
-4.48,-0.21,10.36,12459
-3.55,-0.16,10.20,12489
-3.04,-0.15,10.45,12521
-3.02,-0.66,10.82,12552
-4.88,-1.86,10.28,12582
-5.55,-1.24,9.73,12614
-4.12,-0.85,8.75,12645
-3.82,-0.53,7.98,12676
-3.40,-0.33,7.87,12707
-2.62,-0.26,6.26,12738
-2.37,-0.12,7.04,12769
-1.55,0.16,8.18,12800
-0.87,-0.11,8.19,12830
-2.13,-1.23,10.55,12865
-1.24,-0.94,10.03,12896
-1.40,-0.97,11.46,12928
-2.06,-0.74,9.73,12958
-2.41,-0.10,8.59,12989
-2.90,-0.11,8.06,13020
-2.97,-0.65,8.18,13051
-2.04,-0.42,8.31,13082
-1.93,-1.16,7.88,13113
-2.68,0.32,8.85,13144
-1.74,1.21,7.88,13175
-1.27,0.93,6.54,13206
-3.21,2.17,7.59,13243
-2.87,2.49,6.20,13274
-2.49,2.94,6.91,13304
-3.57,3.25,8.29,13335
-3.50,2.57,9.92,13366
-3.15,1.49,11.09,13398
-4.18,1.42,10.43,13428
-4.76,1.44,11.05,13459
-4.33,-0.31,12.22,13490
-4.43,-1.27,12.88,13524
-3.47,-1.08,11.11,13555
-5.43,-0.50,10.27,13587
-7.21,-1.21,10.08,13618
-6.44,-0.14,9.06,13648
-3.97,0.39,7.69,13679
-2.99,1.40,7.03,13711
-1.68,0.97,7.31,13742
-0.21,0.95,7.95,13772
0.83,0.71,8.32,13803
1.76,0.16,8.87,13834
1.67,0.01,9.06,13865
1.49,0.05,8.95,13896
1.23,-0.14,8.35,13927
0.03,-0.01,7.95,13958
-1.91,-0.50,9.90,13988
-4.37,-1.10,12.32,14019
-3.52,-0.71,10.63,14051
-1.58,-0.41,8.97,14082
0.86,0.13,9.67,14112
-1.04,-0.33,10.21,14143
-2.61,-1.03,9.44,14175
-1.97,-0.87,7.60,14209
-2.17,-0.97,7.48,14240
-2.34,-0.85,7.29,14271
-3.66,-0.92,6.78,14302
-8.04,-1.56,9.34,14332
-9.11,-2.10,11.64,14364
-6.23,-2.85,12.50,14395
-4.42,-2.60,13.24,14426
-5.24,-3.48,14.31,14457
-5.18,-3.50,13.61,14488
-3.80,-2.52,11.74,14519
-2.41,-1.61,9.44,14551
-2.57,-0.58,7.87,14581
-2.92,-0.16,7.46,14612
-2.58,-0.16,7.74,14643
-1.23,-0.33,8.38,14674
-0.24,-1.07,8.75,14705
0.66,-1.12,8.10,14736
1.33,-2.07,8.99,14794
0.70,-2.75,8.85,14824
-0.22,-1.96,8.44,14856
-0.72,-1.75,7.73,14889
-1.34,-1.07,7.16,14920
-3.34,-0.98,7.44,14952
-4.12,-1.91,10.33,14983
-3.51,-1.72,13.34,15013
-3.85,-0.95,14.23,15045
-4.30,0.07,11.50,15076
-3.54,0.75,8.44,15107
-2.86,0.95,7.16,15137
-3.51,1.08,7.13,15169
-3.82,1.15,6.59,15200
-5.04,1.71,7.09,15230
-5.93,1.50,7.92,15261
-6.41,1.76,8.92,15292
-6.74,0.93,9.85,15324
-5.64,0.05,10.93,15354
-3.63,0.54,13.35,15385
-4.16,-0.80,15.58,15416
-4.83,-1.89,14.19,15448
-3.33,-0.93,11.41,15478
-2.97,-0.34,8.88,15509
-3.46,-0.20,7.20,15541
-3.29,0.37,6.19,15575
-2.63,0.69,6.29,15605
-2.44,0.59,6.81,15637
-2.08,0.43,7.53,15668
-0.55,0.41,7.67,15698
0.11,0.24,7.60,15729
0.01,0.13,8.98,15760
0.15,-0.74,10.15,15791
-0.48,-1.08,10.48,15822
-1.40,-0.89,9.35,15853
-0.78,0.00,8.04,15884
-1.86,0.29,8.37,15915
-3.76,0.06,9.38,15946
-3.49,0.36,10.29,15977
-2.46,0.82,10.10,16008
-3.54,1.10,9.58,16038
-3.83,1.39,9.46,16069
-2.40,1.59,8.60,16101
-2.29,1.61,6.04,16132
-3.00,1.80,5.07,16162
-3.69,1.94,6.33,16193
-5.06,1.67,8.18,16224
-7.62,1.18,9.93,16259
-8.10,0.39,11.41,16289
-5.97,0.62,12.00,16320
-4.08,0.61,13.00,16351
-4.42,-0.27,14.15,16381
-4.30,-1.14,13.37,16413
-3.17,-0.91,10.90,16444
-2.32,-0.25,9.40,16475
-2.57,-0.14,8.42,16505
-3.23,0.00,7.54,16537
-3.23,0.27,6.86,16568
-2.45,0.10,6.51,16599
-2.25,-0.13,7.04,16629
-1.22,-0.68,7.42,16660
0.18,-0.50,7.46,16691
0.60,-0.61,8.08,16721
-0.18,-1.06,8.28,16752
-1.01,-1.69,8.37,16783
-1.98,-1.19,8.73,16815
-1.11,-0.32,11.31,16845
-0.07,-1.05,12.80,16876
-3.14,-1.28,11.63,16911
-4.56,-1.72,11.81,16942
-2.55,-1.47,12.22,16972
-1.25,-0.84,10.99,17004
-2.69,-0.14,8.86,17035
-2.89,0.44,7.40,17065
-1.31,0.32,6.23,17097
-1.06,0.63,5.89,17128
0.16,0.37,5.84,17165
-1.11,0.22,5.43,17196
-4.17,0.44,6.28,17226
-6.86,-0.19,8.64,17257
-4.83,-1.50,10.21,17288
-1.97,-3.28,13.40,17319
-3.07,-3.77,15.65,17350
-3.81,-3.40,14.96,17381
-2.71,-2.47,13.39,17413
-2.37,-1.24,12.24,17443
-2.08,-1.50,10.36,17475
-3.70,-1.30,9.00,17506
-3.54,-1.13,7.93,17537
-1.82,0.02,7.63,17571
-0.64,0.28,7.95,17602
-0.66,-0.26,7.21,17633
0.03,0.02,7.31,17665
-0.14,-0.84,6.82,17695
0.47,-2.81,8.12,17726
0.22,-2.72,8.75,17758
-0.78,-2.80,8.55,17788
-1.43,-2.51,8.09,17819
-1.09,-2.46,9.49,17851
-2.28,-2.43,11.44,17882
-4.51,-2.90,13.14,17912
-3.13,-2.47,12.93,17944
-0.23,-1.63,10.95,17975
-1.11,-1.21,9.93,18007
-2.80,-0.89,9.36,18037
-1.45,-0.03,6.86,18069
-0.90,-0.77,5.84,18100
-1.85,0.10,5.46,18130
-1.80,0.88,5.06,18162
-2.81,0.38,5.70,18193
-5.18,0.58,7.41,18224
-5.88,-0.08,8.13,18258
-6.14,-1.22,10.17,18289
-6.30,-1.53,12.10,18321
-4.37,-3.10,13.19,18352
-5.02,-3.67,14.67,18382
-4.01,-4.05,13.71,18414
-3.22,-3.81,11.13,18445
-3.36,-2.74,8.98,18477
-2.02,-1.27,8.35,18507
-2.43,-1.00,6.38,18539
-3.11,-0.44,5.96,18570
-1.35,-0.58,7.23,18600
-1.18,-0.58,7.51,18632
-0.23,-0.83,8.25,18663
2.77,-1.22,7.50,18694
2.74,-1.72,8.63,18725
0.22,-2.09,10.41,18756
-0.29,-2.75,11.54,18787
0.04,-3.65,10.96,18819
-2.45,-2.88,9.72,18849
-4.23,-2.28,11.17,18881
-6.17,-1.95,11.53,18915
-5.44,-2.15,8.88,18947
-4.92,-1.95,8.63,18977
-3.79,-1.56,11.33,19009
-4.25,-1.55,10.65,19040
-3.20,-0.90,6.51,19072
-0.48,-0.11,4.77,19102
-1.51,0.22,6.30,19133
-3.73,0.37,7.36,19165
-3.68,0.77,8.32,19195
-2.66,0.53,9.79,19226
-2.78,-0.98,10.90,19257
-4.17,-2.05,12.64,19289
-3.54,-3.63,15.15,19319
-2.03,-3.97,14.12,19351
-1.10,-3.93,11.67,19382
-0.91,-3.54,10.63,19414
0.02,-3.44,10.67,19444
-0.90,-3.00,10.18,19476
-1.95,-2.47,8.64,19507
-1.20,-1.98,7.59,19537
-0.11,-1.85,7.95,19572
0.35,-1.72,7.76,19603
0.86,-1.49,7.24,19635
0.50,-1.57,8.44,19665
0.49,-1.79,9.43,19696
0.16,-1.62,9.60,19728
-0.96,-0.66,10.21,19759
-0.05,-0.72,10.24,19789
-1.53,-1.04,10.44,19821
-2.79,-1.97,10.96,19852
-3.18,-2.11,11.01,19884
-3.09,-1.38,10.30,19914
-3.68,-0.30,8.72,19946
-2.65,1.35,8.32,19977
-0.57,1.96,7.62,20007
-0.67,1.92,6.33,20039
-2.50,1.26,6.19,20070
-3.04,1.03,7.21,20101
-4.07,1.02,8.60,20132
-5.24,1.11,9.76,20163
-4.53,0.93,10.15,20194
-5.04,0.68,10.55,20226
-5.35,-0.17,11.21,20259
-2.86,-1.27,11.38,20291
-3.56,-1.95,12.44,20322
-4.56,-1.56,11.64,20354
-2.83,-0.56,9.93,20384
-1.35,-0.73,8.55,20415
-1.36,-0.16,7.22,20447
-0.54,0.35,6.99,20477
0.61,0.65,7.77,20509
1.65,0.26,8.68,20540
0.97,-0.23,8.62,20571
-1.14,-0.44,8.05,20601
-0.38,-0.78,8.61,20633
0.27,-1.68,9.63,20664
-1.96,-2.25,10.65,20695
-4.05,-2.96,12.18,20726
-2.30,-4.39,11.34,20757
-3.24,-4.96,10.96,20789
-6.77,-4.36,12.63,20819
-5.64,-3.10,12.22,20851
0.44,-1.91,10.48,20882
-0.93,-1.29,8.16,20917
-3.18,-0.84,8.00,20947
-2.20,-0.09,7.11,20979
0.03,0.56,6.97,21010
-0.93,0.09,7.48,21041
-1.72,0.30,10.55,21078
-2.60,0.58,11.92,21108
-2.41,0.36,11.03,21140
-1.12,0.47,10.32,21171
-0.74,0.14,12.48,21201
1.10,-1.15,12.71,21233
0.15,-1.17,11.47,21264
0.20,-1.35,11.00,21295
0.49,-0.49,10.63,21326
2.70,-0.27,10.49,21357
3.14,0.47,9.09,21389
2.40,1.54,8.83,21420
3.40,1.66,9.94,21450
3.23,1.17,10.10,21481
3.09,0.96,8.97,21513
3.85,0.13,8.74,21543
3.00,-0.05,9.59,21574
2.56,0.05,9.93,21609
4.12,0.40,9.32,21640
5.51,0.34,8.00,21670
4.47,0.47,7.76,21701
3.50,-1.52,7.14,21732
-0.93,0.54,6.43,21764
-2.12,-0.37,7.00,21794
0.83,-1.42,8.61,21825
4.19,-2.24,7.18,21856
3.83,-3.82,7.14,21888
2.45,-3.58,8.39,21918
5.15,-4.10,9.28,21949
5.41,-4.41,9.71,21980
8.31,-3.68,8.90,22011
8.50,-3.01,7.62,22042
5.47,-2.34,8.07,22073
5.45,-1.90,9.41,22104
5.98,-0.47,9.73,22134
6.00,-0.50,8.78,22166
4.54,-0.63,8.82,22197
3.69,-0.88,9.43,22227
4.63,-1.85,11.04,22258
2.55,-2.81,12.94,22293
1.62,-3.69,12.72,22325
0.12,-4.16,11.49,22355
-1.39,-3.12,10.78,22386
-0.26,-3.01,9.66,22418
1.03,-2.52,8.88,22449
1.21,-2.44,8.59,22480
0.22,-2.53,9.38,22511
-0.58,-3.67,11.30,22542
-1.00,-2.49,13.06,22574
0.11,-3.18,14.28,22604
0.66,-3.65,15.74,22636
-0.02,-4.84,17.77,22667
-1.00,-6.23,17.47,22699
-1.82,-6.63,17.04,22729
-1.92,-6.82,17.84,22761
-0.16,-7.72,15.84,22792
-0.17,-7.03,14.17,22823
-1.14,-5.58,11.20,22854
-1.59,-4.79,9.51,22886
-1.65,-4.14,7.50,22917
-3.13,-3.27,6.04,22951
-2.49,-2.56,4.87,22982
-0.14,-1.01,4.12,23014
1.59,-0.55,3.96,23045
0.43,0.02,5.66,23076
-0.83,0.48,4.58,23107
-1.95,1.64,3.50,23139
-1.84,2.89,3.70,23170
-0.14,2.93,4.40,23200
-1.69,3.19,5.76,23232
-2.29,3.61,5.01,23263
-1.60,4.64,4.90,23294
-1.84,5.34,6.68,23325
-1.14,4.72,7.61,23357
-0.07,5.68,5.99,23388
0.84,5.84,4.45,23418
-0.73,5.17,5.12,23450
-1.66,5.44,5.31,23481
-0.97,4.98,3.14,23513
-1.42,4.50,2.36,23543
-1.69,4.13,2.97,23575
-0.92,2.94,3.08,23606
-0.51,0.97,1.75,23641
-1.12,0.91,0.40,23671
-1.01,0.57,-0.12,23703
-1.08,-0.27,1.73,23734
-2.59,0.12,3.07,23766
-1.78,0.33,5.00,23796
0.75,-1.84,9.17,23828
-1.68,-3.71,13.11,23859
-0.95,-0.20,12.95,23890
0.99,-3.01,16.07,23921
-7.32,-1.57,18.61,23953
-5.87,-1.97,18.23,23984
0.01,-1.06,19.33,24015
1.33,-1.44,19.61,24046
-2.07,-0.39,18.78,24078
0.88,1.59,15.87,24110
5.73,2.15,10.70,24140
1.56,2.26,7.99,24171
-3.01,2.32,9.62,24203
-1.09,1.85,10.98,24233
-1.65,2.29,11.58,24265
-2.37,1.87,11.97,24296
-2.00,1.04,12.06,24331
-2.47,0.62,11.91,24363
-3.12,0.38,11.36,24393
-2.17,-0.19,9.90,24425
-3.00,-0.47,9.08,24456
-3.93,-0.41,8.59,24487
-3.38,-0.26,8.52,24518
-1.78,0.75,8.70,24550
-1.51,-0.97,6.63,24581
-3.51,-0.79,8.35,24612
-4.28,0.14,9.46,24643
-2.99,-0.45,7.89,24675
-2.05,0.13,6.72,24706
-2.24,0.02,6.46,24737
-1.67,1.21,6.87,24768
-1.85,0.62,8.70,24800
-2.77,0.21,10.11,24830
-1.99,0.76,11.92,24862
-1.82,0.08,12.36,24893
-1.70,1.26,12.25,24925
-1.73,0.18,12.70,24955
-2.87,0.32,13.38,24996
-2.13,1.47,11.93,25027
0.92,1.70,9.29,25059
0.89,-1.40,9.39,25090
-0.44,1.66,9.57,25120
0.96,4.21,7.96,25152
1.06,3.18,5.59,25183
-0.65,0.95,1.91,25213
0.17,5.14,4.40,25245
2.54,4.49,10.74,25276
-0.61,2.34,6.74,25308
-0.27,2.82,17.41,25338
-1.87,2.70,11.31,25370
0.39,1.37,9.29,25401
-1.02,2.42,12.10,25433
-2.15,3.43,8.05,25463
-3.18,2.61,6.97,25495
-0.22,-0.39,11.24,25526
-2.07,0.36,16.75,25558
-0.23,-0.38,8.42,25588
0.74,-1.16,5.33,25620
0.76,-0.56,8.95,25651
-0.38,0.50,11.24,25682
-0.22,1.52,9.11,25711
-0.08,2.61,5.41,25742
0.95,3.45,3.71,25774
-2.16,3.40,7.84,25804
1.14,3.37,8.38,25836
2.60,3.20,6.19,25867
1.64,3.03,4.74,25899
1.09,3.19,9.62,25929
-2.64,0.51,15.34,25960
-3.45,4.26,15.17,25992
-0.85,2.12,12.26,26022
-1.62,2.72,9.81,26054
-2.32,3.74,9.66,26085
-4.78,3.77,6.69,26117
-1.70,1.30,8.15,26147
1.06,-0.04,9.71,26179
-1.46,0.83,10.47,26210
-1.99,0.85,9.67,26242
0.74,1.59,7.75,26272
2.16,0.87,7.68,26304
2.63,-0.06,8.16,26335
2.56,-0.18,10.25,26365
0.51,0.78,10.05,26400
1.39,0.72,9.42,26432
2.00,0.88,10.74,26463
1.75,1.13,11.72,26494
1.99,1.61,10.37,26525
2.53,1.13,9.96,26557
3.17,0.35,11.23,26588
1.62,-0.11,12.51,26619
-0.63,0.82,11.91,26650
-1.36,0.83,11.27,26682
-0.62,1.72,8.81,26713
-2.24,2.98,6.66,26744
-2.14,3.72,7.00,26775
0.39,2.61,6.68,26806
0.95,2.15,5.51,26838
1.53,2.78,8.36,26896
-0.70,5.08,9.81,26927
-2.70,5.86,8.63,26957
1.26,4.20,8.00,26988
2.62,3.32,8.89,27020
1.35,5.06,8.09,27051
-1.12,5.61,10.81,27082
-3.41,5.14,12.58,27116
0.50,3.76,11.74,27148
2.65,1.69,11.13,27179
1.10,2.04,10.53,27210
-1.86,3.03,9.99,27241
-1.82,2.72,8.15,27272
-2.01,2.37,7.25,27303
-3.41,2.84,7.18,27334
-3.92,3.67,5.91,27366
-1.67,2.99,6.21,27397
-1.95,3.20,7.32,27427
-3.51,3.88,7.65,27459
-4.35,4.64,7.07,27490
-3.91,4.22,7.27,27521
-1.18,3.43,9.38,27552
-0.54,3.14,12.75,27583
-2.12,2.32,14.42,27615
-2.81,4.04,9.74,27645
-3.38,3.16,7.80,27676
-3.07,1.80,8.35,27708
-1.37,1.06,8.08,27739
-0.67,1.86,7.86,27770
-0.94,2.50,7.33,27804
-1.38,2.16,7.74,27836
-1.46,1.71,8.65,27867
-1.29,1.27,10.29,27898
-2.01,1.77,9.41,27929
-1.95,1.97,8.80,27961
-1.96,2.39,9.34,27992
-2.37,2.71,8.43,28022
-3.55,2.15,9.00,28054
-3.07,0.26,13.85,28085
-2.95,0.71,15.11,28116
-3.11,1.26,10.44,28147
-1.64,1.43,7.97,28179
-0.68,2.77,5.27,28210
-0.78,1.63,6.45,28241
-2.59,-0.96,9.78,28272
-1.44,1.22,9.08,28304
0.39,-1.34,8.81,28335
-0.65,0.14,10.16,28365
-0.23,0.35,9.63,28397
-2.01,0.15,9.13,28428
-2.74,1.27,8.94,28460
0.29,0.59,9.69,28494
1.74,-0.55,10.20,28525
-0.67,-1.18,10.30,28557
-2.85,0.38,10.23,28588
-0.32,0.30,9.58,28619
0.48,1.00,9.67,28650
0.68,0.39,9.32,28682
0.96,0.89,9.34,28712
0.11,0.18,9.56,28744
-1.40,0.81,10.53,28775
-0.95,0.54,8.82,28807
-3.65,0.39,9.53,28837
-4.98,-0.48,10.80,28869
-5.12,-2.24,12.31,28901
-6.80,-2.96,12.50,28938
-7.31,-3.89,12.56,28968
-5.76,-5.16,11.53,29000
-4.66,-5.68,9.65,29032
-6.07,-5.74,8.22,29063
-5.31,-6.67,9.50,29094
-3.51,-7.43,11.10,29125
-3.94,-8.16,11.00,29157
-6.24,-8.43,9.14,29192
-4.15,-9.53,8.00,29222
-1.60,-9.41,9.19,29254
-1.14,-8.27,10.83,29285
1.55,-6.34,9.84,29317
4.79,-5.38,9.33,29348
3.75,-4.11,9.73,29379
2.11,-3.88,9.90,29411
1.82,-3.64,10.91,29442
2.75,-4.07,11.55,29473
1.06,-2.30,11.96,29504
0.84,-1.19,10.85,29536
1.20,-0.44,9.32,29566
-1.11,-0.46,9.04,29598
-2.96,-0.02,8.28,29630
-2.50,-0.22,7.64,29661
-3.28,-0.71,8.98,29692
-3.68,-0.50,10.27,29723
-2.35,-0.66,10.41,29755
-1.47,-0.09,10.00,29786
-1.67,0.10,10.00,29817
-2.71,0.07,9.56,29852
-2.40,0.22,8.79,29884
-1.88,0.32,7.90,29915
-2.67,0.51,7.52,29946
-3.33,0.36,8.53,29977
-3.44,0.62,8.74,30009
-1.93,0.97,9.10,30040
-2.86,0.52,10.21,30071
-5.04,0.90,10.18,30102
-4.31,0.76,9.27,30134
-2.84,0.55,7.98,30164
-4.27,0.14,7.54,30196
-4.85,0.30,7.81,30227
-3.47,-0.02,8.49,30259
-2.70,-0.08,8.91,30289
-3.11,-0.25,9.01,30321
-2.67,-0.37,8.97,30352
-1.84,-0.40,8.92,30384
-1.78,-0.67,9.42,30415
-1.89,-0.58,9.63,30446
-1.88,0.08,10.21,30478
-0.93,0.04,10.54,30509
-1.21,0.58,10.18,30543
-2.00,1.57,9.61,30575
-1.52,1.83,8.44,30606
-2.38,1.02,8.73,30638
-4.06,0.01,10.31,30668
-3.84,-0.40,12.28,30700
-1.87,-1.92,13.63,30732
-1.86,-2.47,13.17,30763
-1.12,-1.42,10.98,30794
0.38,-0.34,7.87,30825
0.73,0.99,6.31,30857
-0.03,1.53,5.90,30887
-1.18,1.40,7.46,30919
-1.95,0.62,8.60,30950
-2.62,0.70,9.28,30982
-2.00,0.52,9.32,31012
-1.60,0.47,8.89,31044
-1.88,1.08,8.60,31075
-1.70,1.49,9.02,31107
-1.02,1.17,9.22,31137
-0.89,0.61,9.69,31169
-2.77,0.81,10.28,31200
-3.65,1.68,10.53,31235
-1.88,0.55,10.35,31266
-2.58,-0.08,9.84,31298
-3.72,0.30,9.81,31329
-2.52,0.07,9.56,31361
-1.83,-0.54,9.26,31391
-2.78,-0.77,8.76,31423
-2.75,-0.62,8.88,31454
-1.13,-0.68,9.03,31485
-0.57,-0.16,8.98,31516
-0.62,0.28,8.83,31548
-0.20,0.50,8.38,31579
0.01,0.79,8.08,31610
-0.29,0.92,8.45,31641
-0.78,0.55,9.65,31673
-1.27,0.07,10.88,31704
-0.98,-0.33,11.42,31735
-1.83,-0.18,11.30,31767
-2.42,-0.03,12.30,31798
-1.31,-0.77,12.02,31830
-1.12,-1.18,11.38,31860
-1.01,-0.15,10.20,31896
-0.96,1.45,8.92,31927
0.96,-0.51,8.45,31959
0.65,0.25,8.32,31989
0.16,1.26,8.39,32021
-0.26,1.80,8.12,32052
-0.54,1.74,8.18,32083
-0.40,1.51,7.94,32114
-0.65,1.09,8.00,32146
-2.04,0.32,8.82,32177
-2.97,0.84,9.82,32208
-1.69,1.36,11.25,32239
0.60,0.59,11.66,32271
1.02,0.35,11.20,32302
0.11,0.94,10.30,32333
-0.42,-0.03,9.59,32364
-2.68,-0.87,10.93,32396
-3.92,-1.24,11.84,32427
-2.31,-1.42,11.08,32458
-1.87,-1.30,9.68,32490
-2.69,-1.59,8.85,32521
-3.43,-1.87,8.76,32552
-3.93,-1.54,8.60,32587
-3.43,-1.39,7.78,32618
-3.87,-1.34,7.57,32650
-4.45,-1.06,7.73,32680
-3.68,-0.95,6.92,32712
-1.72,-0.93,7.55,32743
-0.76,0.25,8.48,32775
0.32,-0.20,9.44,32805
-0.58,-0.41,10.93,32836
-0.73,0.40,12.50,32874
0.14,-0.50,12.03,32905
0.29,-1.01,10.86,32935
-0.26,-1.24,11.15,32967
-0.53,-0.97,11.70,32998
0.49,-1.07,11.64,33030
0.81,-0.71,10.43,33060
0.64,-0.38,8.72,33092
0.45,0.51,7.93,33123
1.06,0.48,7.74,33155
1.48,0.37,7.27,33185
1.01,0.54,7.21,33216
0.96,0.95,8.30,33248
2.87,0.37,10.03,33283
2.84,-0.54,10.58,33313
1.56,-0.54,9.79,33345
1.29,-1.16,9.99,33376
0.87,-2.63,10.65,33408
-0.76,-2.82,10.90,33438
-2.16,-3.18,11.22,33470
-1.73,-3.70,11.24,33502
-1.62,-4.55,10.70,33532
-3.13,-3.68,9.70,33564
-3.63,-2.71,9.74,33595
-2.45,-3.11,10.09,33627
-2.86,-3.55,9.83,33658
-3.74,-3.13,9.15,33689
-3.80,-2.05,8.83,33721
-2.60,-1.67,8.75,33752
-1.56,-1.48,8.20,33783
-0.62,-0.75,7.36,33814
0.06,-0.86,7.45,33846
0.20,-1.03,8.47,33876
-0.05,-1.53,9.39,33908
-0.67,-2.34,10.67,33943
-1.12,-2.57,11.30,33975
-0.79,-1.82,11.39,34006
-0.22,-1.86,11.07,34037
0.82,-1.96,10.39,34069
0.16,-2.08,11.11,34100
-2.28,-1.74,13.12,34131
-0.60,-2.17,13.24,34163
2.29,-2.07,10.84,34194
2.56,-1.15,8.56,34226
1.25,-0.79,7.46,34257
0.46,-0.37,7.28,34288
0.48,-0.09,7.99,34320
0.08,-0.14,8.54,34351
-0.02,0.12,8.24,34382
-0.41,0.32,8.25,34414
-1.75,0.52,9.31,34445
-1.86,0.94,9.82,34477
-1.02,0.98,10.48,34507
-0.26,0.49,10.94,34539
-0.18,0.33,10.45,34571
0.39,-0.18,10.23,34601
0.72,-1.39,10.17,34637
-1.96,-1.06,11.01,34668
-3.18,-0.14,11.71,34700
-0.21,-0.48,10.22,34732
1.01,-1.02,8.24,34762
-0.67,-1.33,8.15,34794
-0.88,-1.73,9.16,34826
-0.03,-1.49,10.48,34856
0.70,-1.34,11.02,34888
1.18,-1.25,10.21,34920
1.50,-0.81,8.77,34951
1.50,-0.70,8.02,34982
1.35,-0.78,8.34,35014
0.95,-1.17,9.09,35045
0.80,-1.59,9.46,35077
0.22,-1.75,9.21,35107
-0.08,-1.87,8.91,35139
-0.97,-1.66,9.48,35171
-1.35,-1.63,9.94,35202
-0.68,-1.96,9.84,35233
-0.93,-2.76,10.29,35265
-3.36,-2.30,10.99,35300
-3.35,-1.72,10.82,35331
-1.83,-1.42,9.82,35362
-1.33,-0.86,8.75,35394
-0.74,-0.55,8.22,35426
0.25,-0.14,8.82,35457
-0.55,0.05,9.84,35488
-1.29,0.26,10.08,35519
-1.40,0.56,9.60,35551
-1.18,0.93,9.06,35582
-1.12,0.87,8.95,35613
-1.74,0.85,9.18,35645
-1.99,1.09,8.84,35676
-1.61,1.15,9.07,35707
-1.58,1.34,9.54,35738
-1.59,1.47,9.77,35770
-1.23,1.40,9.72,35802
-1.49,0.95,9.74,35832
-1.64,0.61,9.59,35864
-1.65,0.56,10.21,35895
-0.83,0.00,10.95,35927
0.87,-1.65,11.01,35958
-0.19,-1.88,11.43,35993
-1.30,-1.28,12.07,36025
0.72,-1.62,11.09,36056
-0.28,-1.51,9.98,36087
-1.40,-0.45,9.66,36119
1.00,-0.92,9.01,36150
2.54,-1.79,8.16,36182
0.11,-1.91,8.20,36213
-1.40,-0.72,9.35,36244
-0.58,-0.95,9.70,36276
0.79,-1.09,8.82,36306
0.09,-0.67,8.11,36338
-0.74,-0.50,8.44,36370
-1.21,-0.25,9.20,36401
-1.30,-0.23,8.99,36432
-0.77,-0.06,9.32,36463
-0.76,-0.21,10.02,36495
-0.85,-0.51,10.50,36527
-0.82,-0.86,10.55,36557
-0.86,-0.66,10.33,36589
-0.44,-0.81,10.26,36621
1.33,-2.27,9.90,36656
0.16,-2.66,10.49,36687
-1.45,-2.44,11.04,36718
-0.64,-2.96,10.54,36750
0.28,-2.83,9.64,36782
0.31,-2.01,8.42,36818
0.30,-1.79,8.04,36850
-0.19,-1.23,7.82,36881
-0.66,-1.03,7.45,36913
-0.88,-0.74,8.15,36943
-1.24,-0.72,8.62,36975
-1.79,-0.21,8.65,37007
-2.08,0.00,8.99,37038
-2.04,0.41,9.48,37069
-1.61,0.65,10.51,37100
-1.03,0.45,11.33,37132
-1.25,0.35,11.88,37164
-1.08,0.27,12.49,37194
-0.24,-0.25,11.91,37226
0.08,-1.19,11.04,37258
-0.33,-2.74,10.67,37288
-1.18,-3.07,11.89,37320
-0.73,-3.46,10.95,37355
-0.45,-2.53,8.87,37387
0.34,-2.14,7.74,37417
0.87,-1.75,7.41,37449
0.76,-1.45,8.00,37481
1.73,-1.35,8.71,37512
2.88,-1.00,9.30,37543
5.24,-1.75,9.61,37574
7.60,-3.44,9.47,37606
6.98,-3.86,10.58,37638
7.32,-4.46,13.71,37668
10.86,-6.03,13.91,37700
13.21,-7.00,13.15,37732
12.85,-10.85,14.97,37763
9.69,-15.68,14.00,37794
2.88,-16.66,11.62,37826
-3.65,-14.90,11.17,37858
-3.84,-13.76,11.63,37890
-3.16,-12.20,10.72,37920
-4.88,-8.95,6.97,37952
-4.23,-6.47,5.69,37984
-1.72,-5.43,7.56,38019
-3.42,-3.60,8.46,38049
-3.78,-1.48,8.22,38081
-1.50,0.31,7.94,38113
0.00,-0.15,8.43,38144
-1.25,0.40,8.69,38175
-1.40,0.77,8.77,38206
-2.07,0.52,9.28,38238
-1.16,0.10,9.80,38268
-0.76,-0.88,10.78,38299
-0.69,-1.95,11.10,38331
-1.70,-2.50,10.48,38363
-2.70,-1.88,11.00,38393
-1.28,-1.51,13.04,38425
0.35,-1.46,12.80,38457
1.28,-0.99,11.45,38488
1.06,-0.26,10.16,38519
0.52,-0.82,10.13,38550
-1.65,-1.45,10.80,38582
-2.72,-1.89,9.83,38614
-1.38,-2.01,8.30,38644
-3.40,-3.87,9.85,38679
-5.82,-3.71,9.12,38710
-5.44,-4.41,8.54,38740
-4.50,-5.83,10.66,38772
-6.75,-6.29,11.15,38803
-7.60,-6.41,9.42,38834
-4.38,-6.85,8.07,38864
-1.43,-6.53,8.19,38895
0.07,-6.49,8.76,38927
0.33,-6.82,8.82,38958
0.04,-6.78,8.75,38988
-1.26,-6.88,8.76,39019
1.25,-7.05,8.49,39050
4.77,-8.13,8.83,39080
2.15,-7.53,8.92,39111
0.58,-6.83,9.17,39142
4.03,-6.99,9.13,39174
2.93,-6.15,8.57,39204
0.40,-6.32,8.32,39235
1.15,-6.37,7.90,39266
2.33,-6.40,7.97,39297
1.75,-6.43,8.43,39327
0.58,-6.37,8.41,39362
1.27,-6.89,8.89,39393
1.81,-7.20,8.77,39424
0.53,-7.53,9.37,39454
0.29,-8.01,9.49,39485
0.44,-7.36,8.94,39517
0.58,-7.31,8.83,39547
0.51,-6.41,9.41,39578
1.68,-6.53,10.64,39609
1.90,-5.65,9.73,39641
4.18,-5.55,8.70,39671
4.72,-4.98,8.40,39702
4.60,-4.71,7.56,39733
3.29,-3.97,6.64,39763
1.74,-2.79,6.72,39795
3.46,-3.08,7.54,39826
4.99,-3.08,7.50,39857
3.79,-3.57,7.06,39887
0.78,-3.43,7.24,39918
0.56,-3.57,8.27,39950
1.80,-4.09,10.43,39981
1.45,-4.11,12.65,40011
1.85,-4.60,13.75,40046
1.62,-4.67,13.68,40077
2.29,-4.20,14.88,40108
3.47,-5.00,16.84,40139
2.66,-6.12,18.10,40170
2.50,-6.30,18.30,40201
1.95,-6.34,18.84,40231
2.53,-6.98,19.17,40263
2.69,-8.85,19.34,40294
-1.08,-9.82,17.85,40325
-4.15,-10.08,14.98,40356
-3.77,-9.84,9.67,40387
-4.53,-7.12,4.32,40418
-3.34,-5.58,2.51,40450
0.02,-3.84,0.63,40480
0.23,-2.02,0.16,40511
-0.84,-0.06,0.06,40542
-1.12,1.42,2.19,40572
-0.73,1.57,2.98,40604
-1.19,3.20,1.62,40635
-0.83,4.11,0.73,40666
0.33,4.41,2.11,40700
-0.19,4.83,3.43,40731
-1.75,5.41,4.04,40768
-0.91,5.80,3.18,40799
0.16,6.00,3.31,40829
-0.72,5.97,4.56,40860
-1.02,6.26,5.35,40891
0.80,5.45,6.50,40922
0.22,4.71,7.07,40952
-0.95,3.42,5.76,40983
-0.98,2.79,3.83,41015
-0.62,4.40,5.59,41046
0.57,1.29,6.72,41076
-0.04,1.00,6.59,41107
-1.24,0.97,8.06,41138
-0.53,-0.19,7.32,41169
1.56,-1.10,4.81,41200
-1.94,-0.43,7.05,41231
0.50,-0.80,8.38,41262
2.69,-0.62,9.42,41292
0.31,-0.88,12.54,41324
2.83,-0.73,11.44,41355
1.56,-1.13,13.95,41385
-0.25,-2.19,16.93,41420
-0.20,-1.29,16.86,41451
0.24,-2.58,16.58,41482
1.59,-2.63,13.82,41513
0.75,-1.73,13.89,41544
-1.82,-1.09,16.18,41575
-1.58,-1.29,15.81,41606
-0.76,-0.15,13.19,41637
0.35,0.40,11.08,41668
-0.16,1.34,10.05,41699
-0.89,1.67,9.84,41731
0.31,1.96,8.26,41761
0.35,1.63,6.49,41792
-3.41,1.90,7.92,41823
-4.84,2.15,9.08,41853
-3.88,1.98,9.48,41884
-4.89,1.34,9.46,41916
-4.95,0.47,11.27,41947
-3.03,-1.48,12.09,41977
-3.85,-2.50,11.24,42008
-5.52,-2.32,11.25,42040
-4.94,-2.41,11.50,42074
-3.80,-1.79,9.61,42105
-4.00,-1.50,7.91,42136
-3.88,-1.81,7.75,42167
-3.56,-2.04,8.10,42198
-3.45,-2.19,8.39,42229
-2.55,-2.37,9.16,42260
-0.87,-2.51,9.50,42291
0.18,-2.40,8.94,42321
0.17,-2.71,8.04,42353
-0.10,-2.56,7.52,42384
0.18,-2.61,7.99,42415
0.50,-2.26,8.22,42445
-0.63,-1.41,8.11,42476
-0.52,-1.25,8.43,42508
0.05,-1.59,8.40,42539
-0.87,-0.96,8.96,42569
-2.96,-1.72,10.92,42600
-1.59,-2.05,10.05,42632
-1.28,-2.04,8.64,42662
-3.95,-1.68,10.30,42693
-2.79,-1.53,12.06,42728
-0.09,-1.36,11.16,42759
-1.12,-1.18,8.22,42790
-4.32,-2.10,7.37,42821
-3.91,-2.89,7.70,42852
-0.80,-3.18,8.19,42883
-0.50,-3.78,9.43,42914
-3.14,-4.00,9.98,42945
-4.94,-4.43,11.16,42976
-5.17,-4.75,11.89,43006
-3.98,-4.82,10.85,43038
-2.55,-4.95,9.82,43069
-1.72,-5.18,10.95,43100
-1.28,-5.45,11.95,43131
-1.84,-5.10,11.69,43162
-0.95,-4.58,9.17,43193
-0.78,-3.66,7.36,43225
-0.45,-2.74,7.41,43255
-0.03,-2.32,8.40,43286
0.26,-2.27,9.21,43317
1.81,-1.81,9.23,43347
2.46,-1.01,8.41,43379
1.32,-0.20,8.74,43408
0.62,-0.12,8.40,43439
0.13,-0.16,7.57,43469
-1.89,-0.26,8.85,43500
-4.08,-0.68,10.66,43531
-3.93,-1.38,11.09,43561
-2.97,-1.68,10.80,43593
-3.51,-2.43,11.86,43624
-4.60,-2.66,13.24,43655
-3.16,-2.38,12.46,43685
-0.78,-1.43,10.22,43717
0.61,-0.72,8.05,43748
0.20,0.21,7.25,43779
-0.49,0.15,7.49,43809
-0.41,0.66,8.13,43840
0.30,0.34,7.87,43871
-0.36,-0.21,7.70,43901
-2.21,0.16,8.53,43933
-2.06,0.25,10.04,43964
-1.38,0.36,11.32,43995
-0.86,0.60,12.26,44025
-2.51,0.58,12.03,44069
-2.00,0.59,10.82,44102
-2.44,-0.45,10.02,44136
-4.27,-1.13,9.50,44169
-4.51,-0.56,8.99,44203
-2.60,-0.43,8.72,44235
-0.82,0.17,8.44,44269
-0.14,0.67,7.69,44302
-2.05,0.28,8.07,44336
-1.92,-0.21,7.78,44368
0.19,-0.95,8.19,44402
-1.19,-1.28,8.58,44435
-0.91,-1.48,8.34,44469
0.54,-1.60,9.16,44502
0.16,-2.16,10.09,44535
-1.22,-2.09,11.44,44568
0.53,-3.13,12.02,44602
-0.03,-2.21,11.39,44636
-2.55,-1.40,10.74,44668
-1.89,-0.61,10.34,44707
-1.28,-0.14,9.98,44741
-1.20,1.28,9.19,44778
-0.47,2.42,8.60,44811
0.69,2.98,7.70,44845
0.41,2.95,8.26,44877
-2.56,3.50,9.04,44910
-2.20,3.37,8.86,44944
-3.30,3.20,9.62,44978
-4.63,2.05,10.60,45010
-5.32,1.15,11.59,45044
-2.51,0.26,11.10,45077
-1.90,-1.78,11.85,45111
-2.54,-3.40,13.58,45145
-1.38,-3.40,13.01,45177
-1.94,-2.79,10.21,45211
-2.88,-1.62,8.38,45245
-2.72,-0.50,8.64,45278
-1.43,0.06,7.85,45312
0.23,0.31,6.48,45344
0.73,0.93,6.27,45378
0.64,1.16,7.07,45411
-0.28,0.87,8.49,45445
-0.55,-0.10,8.84,45477
0.02,-0.65,9.35,45514
-0.81,-0.34,9.75,45548
-1.47,-0.63,10.54,45581
-1.33,-0.15,9.63,45615
-1.42,-0.14,9.46,45647
-2.18,-0.74,10.85,45681
-3.53,-0.81,11.98,45715
-2.82,-0.29,11.84,45748
-1.15,0.56,10.67,45782
-1.50,2.15,7.76,45815
-1.06,1.54,7.03,45848
-1.15,1.93,8.13,45882
-1.34,1.26,8.73,45915
-2.07,1.26,9.93,45948
-1.48,1.27,10.34,45981
-1.35,1.51,10.07,46015
-1.02,0.53,10.11,46049
-0.65,0.86,11.51,46082
0.84,0.96,9.71,46115
-0.36,0.88,8.38,46148
-1.05,1.51,8.93,46182
-1.74,1.17,9.21,46216
-2.02,1.34,9.59,46253
-1.64,1.01,9.17,46285
-1.11,1.00,9.36,46319
-0.39,0.68,10.19,46352
-1.90,0.48,10.95,46386
-1.57,0.78,10.73,46418
-0.27,1.24,8.43,46452
-0.63,1.46,6.87,46485
-1.70,1.40,6.98,46519
-2.00,1.50,8.13,46553
-1.54,1.40,9.26,46585
-1.70,1.11,10.14,46619
-2.29,0.93,11.06,46652
-1.96,1.23,10.28,46686
-1.96,1.02,9.58,46718
-2.74,0.74,10.46,46752
-3.10,0.78,11.71,46786
-2.01,0.88,11.05,46819
-0.38,0.92,9.41,46853
-0.06,0.93,8.42,46885
0.27,0.73,8.30,46919
-0.25,0.56,8.19,46952
-1.21,0.51,8.93,46989
-0.52,0.70,8.93,47023
-0.94,-0.26,7.36,47055
-1.20,1.19,6.86,47089
-0.96,1.48,7.60,47123
-0.31,1.67,8.19,47156
-0.44,2.07,8.39,47190
-1.61,2.21,9.17,47222
-1.76,2.36,10.28,47256
-1.43,2.72,10.58,47289
-1.53,2.69,10.82,47323
-2.40,2.66,11.09,47356
-2.18,2.08,10.85,47389
-2.64,1.69,10.86,47423
-3.40,0.65,11.26,47456
-3.06,0.04,11.48,47490
-3.06,0.49,12.24,47523
-2.75,0.70,11.90,47556
-3.61,1.16,10.25,47590
-3.24,0.94,10.21,47624
-1.38,-0.12,8.54,47656
-1.77,-0.64,6.75,47693
-1.86,-0.72,6.93,47727
-0.89,-0.17,7.49,47760
-0.28,0.65,7.01,47794
-0.85,1.10,7.54,47826
-0.18,0.85,9.37,47860
0.06,0.00,10.68,47893
-1.55,-0.86,11.54,47927
-1.76,-1.45,11.63,47961
-1.83,-2.14,11.53,47993
-2.44,-1.21,11.09,48027
-2.32,-1.68,11.14,48061
-1.15,-1.89,11.37,48094
0.21,-1.93,10.74,48128
0.53,-1.52,9.96,48161
0.19,-0.05,8.52,48194
-0.21,0.92,6.73,48228
-0.48,1.28,5.08,48261
-1.09,1.18,4.86,48294
-2.05,1.53,5.75,48327
-2.53,1.83,6.95,48361
-3.83,2.08,8.52,48394
-5.02,0.57,11.09,48431
-8.27,-1.58,15.65,48464
-7.93,-3.93,16.87,48498
-6.33,-4.00,15.21,48531
-4.80,-3.27,12.52,48565
-3.97,-3.53,11.50,48599
-2.12,-2.58,9.88,48631
0.73,-0.92,7.93,48665
1.95,0.57,6.42,48698
1.48,1.07,6.35,48732
1.69,1.44,6.11,48765
2.78,1.46,5.97,48798
3.26,1.48,7.03,48832
2.99,1.16,8.54,48865
2.66,0.24,10.53,48904
2.22,-0.74,12.30,48937
1.80,-1.20,11.46,48970
0.20,-1.01,10.79,49004
-2.28,-1.95,13.89,49037
-2.10,-1.91,13.98,49071
-0.65,-1.71,10.75,49104
0.34,-1.38,8.74,49137
0.33,-0.43,8.86,49174
0.90,-0.27,8.16,49207
0.87,-0.14,6.19,49241
0.42,0.33,4.04,49273
0.04,1.21,4.11,49307
-1.34,1.13,6.41,49340
-4.49,0.38,9.11,49374
-6.63,-0.27,12.48,49406
-5.07,-0.83,13.44,49440
-4.63,-0.21,11.99,49473
-3.14,0.13,11.22,49507
-2.43,-0.06,11.36,49540
-1.53,-0.25,12.66,49573
-1.01,-0.35,13.89,49606
-1.27,-0.00,13.55,49640
-1.03,0.49,11.88,49674
-0.17,0.82,9.61,49707
0.75,0.98,8.09,49739
1.99,0.95,7.02,49773
1.79,0.48,6.44,49806
1.59,0.14,5.73,49840
1.19,-0.30,6.62,49875
0.15,-0.57,9.28,49909
0.57,-0.70,10.44,49942
1.07,-1.18,9.86,49976
-0.17,-1.15,11.70,50010
-2.28,-1.16,14.94,50042
-1.81,0.32,12.95,50076
0.74,1.32,7.50,50109
1.85,2.19,5.84,50143
-0.13,1.44,7.83,50176
-1.85,0.75,9.06,50209
-1.89,0.83,7.78,50243
-1.22,0.68,6.95,50276
-2.93,0.93,8.36,50310
-2.60,0.85,10.13,50342
-2.94,0.69,10.81,50376
-3.25,0.62,10.62,50409
-2.23,-0.32,11.39,50443
-1.73,-1.07,13.58,50477
-3.32,-1.59,14.45,50509
-3.77,-1.17,12.27,50543
-2.63,-0.38,9.51,50577
-1.62,-0.05,8.41,50614
-2.68,-0.01,8.22,50647
-2.54,-0.16,7.28,50680
-0.91,-0.06,6.43,50714
-0.14,-0.05,6.70,50747
-0.61,0.02,7.61,50781
0.46,-0.26,8.29,50814
1.01,-0.37,9.64,50847
1.17,-0.43,9.96,50881
1.75,0.04,8.39,50914
2.58,0.19,8.20,50948
1.66,-0.67,9.27,50981
1.68,-1.36,10.37,51014
1.01,-2.13,13.70,51048
-0.01,-2.61,15.00,51082
-0.60,-2.38,11.95,51115
-1.13,-1.41,9.68,51148
-1.01,-0.51,8.57,51182
-0.55,0.25,7.65,51215
-0.29,0.44,5.95,51249
-1.39,0.86,5.00,51282
-2.29,0.58,5.56,51315
-3.55,0.32,8.22,51352
-4.15,0.15,10.87,51386
-4.64,-0.59,12.64,51420
-4.84,-0.99,13.38,51452
-4.36,-1.77,14.78,51486
-3.17,-2.79,16.08,51520
-2.39,-3.30,15.87,51554
-2.19,-3.77,14.47,51587
-1.73,-3.70,12.45,51620
-1.20,-3.17,9.97,51654
-0.24,-2.28,7.45,51688
0.06,-1.64,6.03,51721
-0.19,-1.48,6.32,51755
0.07,-1.77,7.28,51788
1.50,-1.90,6.81,51821
2.54,-1.80,5.81,51855
2.85,-1.46,6.85,51888
2.95,-1.24,8.43,51921
2.88,-0.92,8.80,51955
2.10,-0.96,9.12,51988
1.95,-0.96,10.26,52022
1.24,-1.07,12.37,52059
-0.64,-1.62,14.11,52092
-1.80,-1.21,13.77,52126
-1.24,-0.35,11.11,52159
-0.52,0.42,8.40,52193
-2.09,1.61,6.83,52227
-2.32,1.64,6.59,52259
-2.71,1.78,7.12,52293
-3.40,1.78,7.30,52327
-3.60,1.90,7.74,52360
-4.04,1.98,9.07,52393
-6.02,1.60,11.23,52426
-4.61,0.32,12.90,52460
-3.55,0.00,13.82,52494
-2.56,-1.93,14.29,52527
-1.79,-2.91,13.02,52560
-1.30,-2.88,11.84,52594
-1.34,-2.53,10.21,52628
-0.50,-2.04,9.14,52661
-0.28,-2.00,8.81,52695
-0.52,-1.56,7.95,52728
0.23,-1.30,7.18,52761
1.81,-1.04,7.11,52799
2.55,-0.80,7.19,52832
2.85,-1.09,8.47,52866
2.53,-1.61,9.84,52898
1.62,-1.25,9.80,52932
1.86,-0.79,8.24,52966
1.24,-0.05,7.88,52999
1.19,-0.18,8.60,53032
2.18,-0.36,9.56,53066
-0.45,-1.70,13.20,53105
-2.28,-1.07,14.05,53139
0.09,-0.64,11.34,53173
-0.54,0.26,8.19,53206
-0.71,0.57,6.32,53239
-0.00,0.50,6.25,53272
-0.56,-0.06,7.03,53306
-1.00,-0.75,7.26,53339
-1.19,-1.36,8.25,53372
-2.55,-1.49,9.57,53406
-3.38,-1.89,10.84,53439
-3.74,-2.29,12.22,53473
-4.12,-1.43,13.71,53510
-2.61,-1.99,13.45,53543
-2.76,-2.96,13.56,53577
-2.57,-3.51,12.59,53611
-1.61,-2.80,9.38,53644
-0.23,-3.17,11.35,53678
-1.44,-3.04,11.45,53711
-3.32,-2.47,9.86,53745
-1.99,-2.54,10.32,53778
-0.86,-2.84,9.84,53812
-0.61,-2.67,8.04,53846
0.52,-2.52,7.36,53878
1.99,-3.85,8.94,53912
0.96,-4.16,10.80,53946
1.84,-4.20,10.14,53979
3.02,-3.46,7.60,54012
2.62,-2.66,5.41,54046
2.06,-1.30,4.93,54079
2.27,-1.08,6.24,54113
1.86,-2.54,10.49,54146
0.62,-2.51,13.24,54179
0.65,-0.80,10.47,54213
-0.73,0.89,8.48,54250
0.99,0.90,9.45,54284
1.08,0.63,8.74,54317
0.08,0.40,8.43,54350
-0.70,0.01,7.84,54383
-1.76,0.63,6.95,54417
-3.49,0.56,9.55,54450
-3.35,0.34,11.30,54483
-4.45,0.58,13.00,54517
-2.89,-0.58,15.20,54550
-2.97,-2.88,16.87,54584
-3.56,-4.18,14.96,54618
-2.06,-3.67,9.74,54651
-1.03,-3.06,6.85,54684
-0.12,-3.14,8.32,54718
-0.79,-1.95,9.17,54752
-0.32,-0.99,6.95,54785
0.41,-0.32,6.52,54818
1.36,-0.11,7.72,54852
1.93,0.12,10.14,54885
2.75,-0.95,9.86,54919
0.78,-0.55,10.05,54956
-0.07,-0.02,10.54,54989
0.75,-0.13,9.49,55052
-1.44,-0.76,11.99,55085
-1.98,-1.39,13.59,55118
-0.68,-2.16,12.57,55151
-0.90,-0.37,10.64,55185
-0.81,0.91,8.17,55219
-0.10,1.00,6.28,55251
-1.11,1.84,5.91,55285
-1.78,2.37,6.91,55318
-0.68,2.82,7.43,55352
-0.67,3.04,8.44,55385
-2.05,3.01,10.05,55418
-2.11,1.88,11.54,55451
-2.98,1.14,11.52,55485
-3.72,1.28,11.70,55519
-2.69,1.86,11.90,55552
-3.04,0.67,11.56,55585
-4.41,1.24,10.51,55619
-3.73,0.76,9.84,55652
-2.20,0.67,8.96,55686
-2.37,0.35,7.98,55723
-2.80,0.86,8.73,55755
-1.22,0.89,9.54,55788
1.05,-0.03,8.69,55821
0.69,0.06,6.90,55854
-0.70,0.95,7.78,55886
-0.03,1.00,8.44,55920
0.33,0.34,8.27,55953
-0.37,1.40,8.31,55986
-0.78,2.71,7.70,56018
0.12,4.44,9.07,56051
-0.72,2.42,10.66,56085
-4.04,0.66,14.33,56118
-2.05,-0.20,14.37,56151
0.33,-0.50,11.47,56183
0.45,0.79,8.61,56217
0.03,1.16,5.87,56250
-0.90,1.23,4.43,56283
-1.98,1.44,4.68,56315
-0.17,3.07,3.74,56348
-0.98,3.14,6.66,56382
-4.08,0.87,11.75,56415
-6.19,0.01,15.98,56451
-4.72,0.10,15.68,56484
-3.09,-0.52,13.22,56517
-3.52,-1.92,12.91,56550
-4.49,-1.37,12.80,56584
-2.62,-1.19,11.24,56616
-1.70,-1.04,10.52,56650
-2.43,-0.53,8.85,56683
-2.51,0.38,5.30,56716
-2.39,2.06,4.32,56750
-1.88,1.12,6.14,56782
-1.65,0.95,6.75,56815
-0.52,1.98,7.52,56849
0.75,1.38,8.62,56882
0.02,1.27,10.33,56914
-1.10,0.44,9.99,56947
-0.91,0.77,8.71,56981
-0.68,1.39,9.13,57014
-4.67,0.09,12.61,57047
-4.65,-1.06,12.45,57080
-1.26,-0.18,10.55,57113
-1.12,0.98,9.80,57146
-1.55,1.55,8.37,57183
-0.58,2.48,6.70,57216
0.07,1.76,5.56,57249
-1.12,2.71,5.08,57282
-2.47,3.17,7.88,57321
-3.81,2.74,11.96,57354
-4.59,1.77,12.11,57388
-5.52,2.44,11.41,57420
-2.56,2.39,11.10,57453
-1.12,1.35,13.06,57487
-2.04,-0.29,14.35,57520
-4.74,-1.25,14.12,57552
-4.34,-1.40,12.05,57586
-3.12,-0.97,9.45,57619
-1.97,-0.65,7.51,57652
-1.75,-0.28,6.15,57686
-2.09,-0.42,5.21,57718
-1.28,-0.48,5.09,57751
0.10,-0.61,5.23,57785
1.95,-1.09,7.60,57818
1.57,-2.02,10.76,57850
0.94,-2.43,10.67,57887
0.58,-2.06,9.92,57920
0.16,-1.98,9.75,57953
-1.32,-1.72,11.87,57987
-3.54,-1.97,14.41,58019
-3.25,-1.55,13.98,58053
-0.13,-1.38,11.90,58086
0.27,-0.16,9.91,58119
0.01,0.12,8.23,58152
-0.24,0.49,6.53,58185
-0.42,0.67,4.96,58218
-0.49,1.10,4.41,58251
-0.80,1.27,5.63,58285
-2.56,1.20,9.22,58317
-4.45,0.77,11.70,58350
-4.86,0.14,13.29,58384
-3.13,-0.20,13.90,58417
0.21,-1.29,13.94,58449
-0.90,-2.43,13.51,58483
-3.09,-2.81,12.47,58516
-2.56,-2.39,10.02,58549
-1.72,-1.84,7.99,58583
-1.71,-1.58,8.07,58619
-2.14,-1.75,8.50,58652
-1.90,-1.66,8.01,58685
-0.73,-1.50,7.68,58719
0.43,-1.12,7.44,58752
1.49,-0.89,7.45,58784
1.84,-1.05,8.21,58817
1.89,-1.33,8.70,58851
1.84,-1.54,8.93,58884
0.58,-1.57,9.12,58916
-1.60,-1.88,9.58,58950
-0.90,-2.23,10.72,58983
-1.44,-2.31,14.17,59016
-4.82,-2.48,15.37,59049
-3.94,-1.84,13.23,59082
-0.56,-1.37,9.82,59116
1.50,0.04,7.59,59149
0.90,0.71,6.16,59182
0.16,1.02,5.41,59214
0.02,1.53,5.46,59248
0.00,1.86,6.31,59281
-1.40,1.77,8.10,59317
-2.93,1.47,11.07,59351
-3.85,1.09,12.47,59383
-2.56,0.37,12.37,59416
-1.59,0.33,11.83,59450
-0.70,0.72,12.07,59483
-1.23,-0.32,12.71,59516
-2.46,-1.07,12.29,59549
-2.97,-0.73,10.41,59582
-2.79,-0.27,9.02,59616
-2.63,-0.29,9.14,59649
-2.95,-0.40,9.21,59681
-2.47,-0.07,8.53,59715
-1.19,-0.08,8.07,59748
-0.57,0.15,7.24,59781
0.16,0.24,7.25,59814
0.96,0.15,8.59,59847
1.65,-0.14,9.51,59880
1.75,-0.22,9.61,59913
0.67,-0.08,9.31,59947
-0.18,-0.32,9.32,59979
-0.21,-0.16,10.05,60012
-2.75,-0.26,12.89,60049
-3.80,-0.49,14.42,60082
-1.52,-0.50,12.22,60115
-0.08,0.80,9.60,60148
0.99,1.30,8.08,60181
0.77,1.47,6.18,60215
-0.15,1.70,4.65,60248
-0.49,1.83,5.37,60280
-1.03,1.40,6.85,60313
-3.30,0.61,9.33,60347
-4.39,0.61,10.76,60380
-3.58,1.14,10.33,60412
-1.48,1.16,10.61,60446
0.41,0.48,12.40,60479
1.54,0.10,14.24,60512
2.14,-0.08,13.71,60546
0.56,0.97,11.75,60578
0.67,1.79,9.71,60611
2.81,0.95,7.53,60645
0.96,-0.20,6.49,60678
-1.20,-0.73,7.43,60710
-1.33,-1.38,8.74,60743
-0.87,-2.04,10.75,60780
-1.81,-1.86,11.44,60813
-1.09,-0.95,9.11,60847
-0.37,0.30,6.55,60879
-0.62,1.37,5.35,60912
-0.66,1.67,6.64,60945
-0.73,1.83,8.85,60978
-1.57,1.27,9.93,61011
-2.75,1.42,11.14,61044
-1.56,1.05,11.62,61077
-1.50,0.57,14.98,61110
-2.26,-0.48,15.93,61144
-0.16,-0.56,12.42,61176
1.09,-0.46,8.75,61209
0.89,-0.06,7.99,61243
0.13,0.85,7.23,61276
-0.46,1.20,6.26,61308
-1.26,1.79,5.15,61341
-2.08,2.63,5.62,61374
-2.31,2.71,7.36,61408
-3.55,2.75,8.60,61441
-5.97,2.10,11.00,61479
-5.07,1.59,11.28,61515
-5.39,0.81,10.86,61548
-4.28,-0.44,11.57,61582
-4.30,-1.70,14.42,61615
-4.45,-2.51,14.63,61648
-3.84,-2.43,11.49,61681
-3.03,-2.16,8.93,61714
-2.58,-2.22,8.40,61748
-2.08,-1.85,8.11,61780
-1.53,-1.61,7.98,61814
-0.61,-1.11,7.96,61847
0.29,-0.56,8.36,61880
0.87,-0.47,9.01,61914
1.14,-0.58,10.29,61946
0.46,-0.51,10.60,61979
0.13,-0.41,9.71,62013
-0.34,-0.02,7.76,62046
-2.05,0.19,7.17,62078
-3.16,0.36,7.85,62112
-2.89,0.48,10.36,62145
-3.26,-0.06,12.54,62178
-3.56,-1.30,12.86,62215
-3.24,-1.61,11.68,62248
-2.49,-1.72,10.00,62281
-1.67,-1.52,8.59,62315
-0.37,-1.02,7.47,62348
-0.19,-0.29,6.96,62382
-0.14,-0.03,7.30,62414
-0.97,-0.04,7.76,62448
-3.13,-0.08,11.69,62481
-3.14,-0.31,10.52,62514
-1.58,0.75,9.16,62547
-0.49,1.15,9.16,62580
-0.75,0.83,10.20,62614
-1.68,0.29,10.57,62647
-1.83,0.42,9.95,62681
-2.60,0.43,10.16,62713
-3.65,0.51,10.52,62747
-2.55,0.18,9.83,62780
-2.60,0.22,8.77,62814
-3.49,0.29,7.76,62846
-3.41,0.38,7.54,62879
-2.93,0.09,8.45,62916
-2.40,-0.11,8.85,62950
-1.87,-0.20,9.17,62983
-1.10,-0.65,10.19,63015
0.45,-1.46,10.75,63049
0.64,-1.58,10.75,63082
-0.54,-1.27,9.73,63116
-0.61,-1.40,9.83,63149
0.16,-1.37,10.45,63182
0.04,-1.30,10.87,63215
-1.30,-1.62,11.56,63249
-2.46,-1.58,11.82,63282
-2.33,-0.95,10.87,63315
-0.82,0.42,9.77,63348
0.60,1.07,8.88,63382
0.87,1.62,7.45,63415
0.80,1.74,6.25,63448
0.22,1.87,5.97,63481
-0.51,1.59,6.80,63514
-1.35,1.09,8.29,63547
-2.68,0.88,9.68,63581
-3.38,0.29,10.63,63613
-1.88,-0.32,11.86,63650
-0.82,-1.30,14.75,63684
-0.73,-1.94,15.05,63717
0.42,-1.72,12.21,63751
-0.15,-0.52,9.02,63783
-0.32,-0.35,7.12,63817
-0.96,0.14,7.82,63850
-0.38,0.27,8.76,63883
0.39,0.20,8.31,63917
0.36,-0.11,8.61,63949
0.81,0.19,9.60,63983
1.48,-0.38,9.36,64016
1.02,-1.06,10.92,64049
1.18,-0.75,11.78,64082
2.39,-1.65,11.15,64115
0.67,-0.15,10.47,64149
-0.82,0.33,10.02,64182
-0.52,0.60,9.54,64216
-0.08,0.59,9.08,64248
-0.16,1.57,9.22,64281
0.18,2.07,9.59,64315
0.38,1.44,8.29,64348
-0.95,2.56,8.66,64385
-1.13,2.76,9.49,64417
-1.52,3.93,9.29,64451
-1.89,3.44,9.39,64484
-1.72,2.45,11.15,64517
0.18,1.96,12.45,64550
0.56,1.20,12.56,64583
0.20,1.25,11.23,64617
0.73,1.73,10.92,64650
1.87,1.98,9.75,64684
1.30,2.38,8.89,64716
0.27,2.47,8.65,64749
0.59,1.58,9.55,64783
1.72,1.54,8.88,64816
2.05,1.06,7.62,64849
1.79,0.55,7.66,64882
1.17,0.33,9.47,64915
0.82,0.60,10.08,64949
-0.26,1.45,11.82,64982
-0.76,1.04,10.91,65014
-0.61,1.34,9.53,65048
-0.54,0.98,9.04,65081
-2.16,1.05,10.47,65118
-4.17,2.74,11.07,65152
-3.58,3.35,8.96,65184
-2.04,3.28,8.40,65217
-2.59,5.22,7.11,65251
-2.80,4.83,9.03,65284
-2.44,3.28,9.04,65317
-2.37,1.55,10.32,65350
-2.54,0.04,12.07,65384
-3.13,-0.07,10.52,65417
-2.51,-0.33,10.27,65451
0.64,-1.04,8.28,65483
0.17,-1.51,7.37,65516
-0.66,-1.42,8.62,65550
-0.25,-2.27,8.91,65584
-0.50,-2.67,9.00,65616
1.07,-3.27,8.16,65655
0.94,-2.96,8.66,65688
0.58,-2.37,9.70,65722
1.32,-2.08,7.84,65755
-0.60,-0.18,7.35,65788
-0.26,-0.19,7.36,65821
2.08,-2.08,7.64,65858
0.78,0.06,9.60,65891
1.15,1.07,11.21,65924
1.69,-1.98,12.44,65957
0.01,-2.29,12.63,65990
-3.04,-1.91,11.22,66024
-2.04,-2.53,8.47,66057
-0.22,-3.14,7.74,66091
0.22,-4.81,8.32,66123
-0.61,-3.45,9.59,66156
0.07,-2.67,11.85,66190
0.38,-3.60,12.09,66223
-0.24,-3.78,9.28,66256
0.63,-2.95,7.62,66289
1.54,-2.33,6.64,66323
0.30,-2.79,9.40,66356
0.97,-2.86,10.62,66388
1.83,-3.55,9.38,66422
1.10,-4.07,9.27,66455
0.21,-3.36,8.63,66489
0.34,-3.68,10.64,66522
0.33,-2.85,9.99,66555
-0.24,-1.95,8.73,66591
1.62,-2.94,8.93,66625
-0.56,-1.54,10.39,66658
-1.14,-2.46,9.59,66691
0.03,-1.97,9.36,66724
-0.39,-1.29,9.34,66757
0.18,-1.52,9.55,66790
-0.25,-1.85,9.79,66824
0.26,-1.67,8.92,66886
0.71,-1.34,8.21,66918
0.33,-0.90,9.38,66952
0.17,-0.36,9.03,66984
-0.06,-0.39,9.68,67017
0.33,-0.91,9.84,67051
0.53,-0.49,9.29,67084
0.32,-1.43,9.98,67117
0.49,-2.20,9.04,67150
0.06,-2.36,9.42,67183
0.57,-2.62,9.29,67216
0.35,-1.76,8.47,67249
-0.05,-2.79,9.39,67282
-0.77,-3.02,9.57,67315
-1.23,-3.46,9.48,67352
-0.81,-3.27,9.20,67385
-0.24,-2.46,9.02,67419
-0.71,-1.87,9.10,67451
-0.14,-1.10,8.49,67485
0.18,-1.41,9.06,67518
-0.84,-0.93,11.26,67552
-1.32,-0.42,9.52,67585
-1.05,0.14,9.73,67618
-1.53,0.01,9.93,67651
-1.94,0.50,10.47,67685
-1.33,0.49,10.34,67718
-1.42,0.75,10.23,67751
-1.23,0.73,10.47,67784
-1.21,1.30,10.35,67818
-1.41,0.63,10.20,67851
-1.50,0.19,10.08,67885
-1.82,0.33,9.84,67917
-1.06,1.01,9.97,67951
-0.86,1.58,9.49,67984
-1.04,1.34,10.33,68018
-0.93,-0.08,8.46,68055
-0.60,1.33,11.92,68087
-0.36,1.58,10.33,68121
0.07,1.31,8.66,68154
-0.95,0.49,9.36,68188
-3.01,1.14,10.85,68220
-0.96,1.34,9.41,68254
-0.08,0.45,9.14,68288
-2.00,2.23,9.83,68321
-0.21,0.86,7.92,68355
0.53,-1.80,7.07,68387
-1.46,0.20,9.02,68421
2.46,-3.13,4.42,68454
-1.45,-0.14,9.03,68488
-0.99,-0.60,9.43,68520
-0.98,-0.47,9.76,68554
-0.89,-0.25,9.32,68587
0.45,0.80,5.33,68621
-0.98,1.47,10.41,68654
-0.22,-0.02,9.51,68687
-0.33,0.06,9.70,68720
-0.24,0.09,9.64,68754
-0.35,0.08,9.69,68791
-0.27,0.08,9.76,68824
-0.46,0.12,9.64,68857
-0.22,0.02,9.58,68890
-0.29,-0.01,9.74,68924
-0.32,0.10,9.63,68957
-0.30,0.09,9.71,68990
-0.28,0.08,9.72,69023
-0.35,0.05,9.69,69057
-0.29,0.06,9.67,69090
